$PITEM DETAILS                                                                                                                                               @
0001,SADI                      ,साड़ी                                       ,06,000000.00,000000.00,000000.00,000.00,000.00,000.00,0,00000.00,0       @
0002,JEANS                     ,जीन्स                                    ,06,000000.00,000000.00,000000.00,000.00,000.00,000.00,0,00000.00,0       @
0003,SHIRT                     ,शर्ट                                       ,06,000000.00,000000.00,000000.00,000.00,000.00,000.00,0,00000.00,0       @
0004,T. SHIRT                  ,टीशर्ट                                 ,06,000000.00,000000.00,000000.00,000.00,000.00,000.00,0,00000.00,0       @
0005,SALWAR SUOT               ,सलवार सूट                          ,06,000000.00,000000.00,000000.00,000.00,000.00,000.00,0,00000.00,0       @
0006,PATECOAT                  ,पेटीकोट                              ,06,000000.00,000000.00,000000.00,000.00,000.00,000.00,0,00000.00,0       @
0007,BLOWS                     ,ब्लाउस                                 ,06,000000.00,000000.00,000000.00,000.00,000.00,000.00,0,00000.00,0       @
0008,KURTA PAZAMA              ,कुर्ता पजामा                 ,06,000000.00,000000.00,000000.00,000.00,000.00,000.00,0,00000.00,0       @
0009,KURTEY                    ,कुर्ती                                 ,06,000000.00,000000.00,000000.00,000.00,000.00,000.00,0,00000.00,0       @
0010,PENT SHIRT                ,पेंट शर्ट                          ,06,000000.00,000000.00,000000.00,000.00,000.00,000.00,0,00000.00,0       @
0011,BABA SHUET                ,बाबा शूट                             ,06,000000.00,000000.00,000000.00,000.00,000.00,000.00,0,00000.00,0       @
0012,TAP                       ,टॉप                                          ,06,000000.00,000000.00,000000.00,000.00,000.00,000.00,0,00000.00,0       @
0013,LEGE                      ,लेगी                                       ,06,000000.00,000000.00,000000.00,000.00,000.00,000.00,0,00000.00,0       @
0014,HOGRI                     ,होजरी                                    ,06,000000.00,000000.00,000000.00,000.00,000.00,000.00,0,00000.00,0       @
0015,LOWER KEPRI               ,लोअर केप्री                    ,06,000000.00,000000.00,000000.00,000.00,000.00,000.00,0,00000.00,0       @
0016,HANDLOOM                  ,हेंडलूम                              ,06,000000.00,000000.00,000000.00,000.00,000.00,000.00,0,00000.00,0       @
0017,WOOLEN                    ,वुलन                                       ,06,000000.00,000000.00,000000.00,000.00,000.00,000.00,0,00000.00,0       @
0018,DUPPATA                   ,दुप्पटा                              ,06,000000.00,000000.00,000000.00,000.00,000.00,000.00,0,00000.00,0       @
0019,FROCK SHUT                ,फ्रोक शूट                          ,06,000000.00,000000.00,000000.00,000.00,000.00,000.00,0,00000.00,0       @
0020,FAAL                      ,फाल                                          ,06,000000.00,000000.00,000000.00,000.00,000.00,000.00,0,00000.00,0       @
0021,AANYA                     ,अन्य                                       ,06,000000.00,000000.00,000000.00,000.00,000.00,000.00,0,00000.00,0       @
